# This file may be used to create an environment using:
# $ conda create --name <env> --file <this file>
# platform: win-64
# created-by: conda 25.1.1
# python==3.10.8
absl-py=2.3.1=pypi_0
astunparse=1.6.3=pypi_0
bzip2=1.0.8=h2bbff1b_6
ca-certificates=2025.12.2=haa95532_0
certifi=2026.1.4=pypi_0
charset-normalizer=3.4.4=pypi_0
colorama=0.4.6=pypi_0
cryptography=46.0.3=pypi_0
flatbuffers=25.12.19=pypi_0
gast=0.7.0=pypi_0
google-auth=2.48.0=pypi_0
google-auth-oauthlib=1.2.4=pypi_0
google-pasta=0.2.0=pypi_0
grpcio=1.76.0=pypi_0
h5py=3.15.1=pypi_0
idna=3.11=pypi_0
keras=2.15.0=pypi_0
libclang=18.1.1=pypi_0
libffi=3.4.4=hd77b12b_1
libzlib=1.3.1=h02ab6af_0
markdown=3.10.1=pypi_0
markupsafe=3.0.3=pypi_0
ml-dtypes=0.2.0=pypi_0
mouseinfo=0.1.3=pypi_0
mss=10.1.0=pypi_0
numpy=1.26.4=pypi_0
oauthlib=3.3.1=pypi_0
openssl=1.1.1w=h2bbff1b_0
opt-einsum=3.4.0=pypi_0
packaging=25.0=py310haa95532_1
pip=25.3=pyhc872135_0
protobuf=4.25.8=pypi_0
pyasn1=0.6.2=pypi_0
pyasn1-modules=0.4.2=pypi_0
pyautogui=0.9.54=pypi_0
pygetwindow=0.0.9=pypi_0
pymsgbox=2.0.1=pypi_0
pymysql=1.1.2=pypi_0
pyperclip=1.11.0=pypi_0
pyrect=0.2.0=pypi_0
pyscreeze=1.0.1=pypi_0
python=3.10.8=h966fe2a_1
pytweening=1.2.0=pypi_0
requests=2.32.5=pypi_0
requests-oauthlib=2.0.0=pypi_0
rsa=4.9.1=pypi_0
setuptools=80.10.1=py310haa95532_0
six=1.17.0=pypi_0
sqlite=3.51.1=hda9a48d_0
tensorboard=2.15.2=pypi_0
tensorboard-data-server=0.7.2=pypi_0
tensorflow=2.15.0=pypi_0
tensorflow-estimator=2.15.0=pypi_0
tensorflow-intel=2.15.0=pypi_0
tensorflow-io-gcs-filesystem=0.31.0=pypi_0
termcolor=3.3.0=pypi_0
tk=8.6.15=hf199647_0
typing-extensions=4.15.0=pypi_0
tzdata=2025c=he532380_0
ucrt=10.0.22621.0=haa95532_0
urllib3=2.6.3=pypi_0
vc=14.3=h2df5915_10
vc14_runtime=14.44.35208=h4927774_10
vs2015_runtime=14.44.35208=ha6b5a95_10
werkzeug=3.1.5=pypi_0
wheel=0.46.3=py310haa95532_0
wrapt=1.14.2=pypi_0
xz=5.6.4=h4754444_1
zlib=1.3.1=h02ab6af_0
